100
1 2
1 4
1 6
1 11
1 16
1 21
1 28
1 31
1 43
1 44
1 48
1 49
1 59
1 62
1 66
1 67
1 73
1 74
1 78
1 81
1 82
1 85
1 91
2 5
2 6
2 8
2 20
2 21
2 36
2 38
2 43
2 50
2 56
2 60
2 61
2 67
2 81
2 83
2 86
2 96
2 100
3 8
3 16
3 24
3 26
3 37
3 45
3 52
3 53
3 61
3 62
3 74
3 82
3 91
3 93
3 100
4 7
4 10
4 14
4 20
4 22
4 23
4 24
4 25
4 32
4 34
4 36
4 51
4 56
4 62
4 63
4 68
4 71
4 72
4 79
4 80
4 83
4 85
4 93
4 95
4 97
5 11
5 16
5 20
5 24
5 34
5 35
5 42
5 46
5 48
5 50
5 52
5 53
5 62
5 75
5 79
5 80
5 87
5 90
5 95
5 97
5 99
6 9
6 12
6 20
6 27
6 28
6 29
6 32
6 33
6 35
6 43
6 46
6 60
6 68
6 70
6 71
6 76
6 78
6 79
6 82
6 83
6 90
6 91
6 92
7 11
7 20
7 24
7 32
7 37
7 41
7 46
7 48
7 49
7 53
7 55
7 60
7 66
7 73
7 78
7 83
7 95
8 11
8 17
8 19
8 25
8 36
8 40
8 56
8 57
8 73
8 87
8 89
8 91
9 28
9 30
9 35
9 39
9 49
9 51
9 55
9 61
9 63
9 69
9 73
9 76
9 82
9 100
10 17
10 19
10 26
10 34
10 35
10 36
10 48
10 51
10 54
10 55
10 56
10 65
10 68
10 71
10 82
10 85
10 88
10 92
10 93
10 96
10 97
10 100
11 18
11 21
11 33
11 47
11 49
11 54
11 58
11 61
11 68
11 69
11 72
11 73
11 76
11 81
11 87
11 93
12 15
12 23
12 25
12 36
12 43
12 46
12 57
12 59
12 61
12 64
12 65
12 76
12 77
12 80
12 89
12 90
12 96
13 21
13 24
13 28
13 42
13 52
13 53
13 59
13 66
13 67
13 69
13 70
13 74
13 96
14 17
14 23
14 25
14 27
14 29
14 34
14 36
14 37
14 45
14 51
14 61
14 64
14 81
14 84
14 88
14 91
14 97
15 23
15 33
15 34
15 36
15 44
15 48
15 53
15 57
15 63
15 67
15 69
15 70
15 77
15 80
15 83
15 95
15 96
15 97
16 20
16 34
16 36
16 53
16 64
16 67
16 73
16 77
16 79
16 80
16 85
16 87
16 88
16 95
17 26
17 34
17 35
17 37
17 43
17 45
17 65
17 67
17 77
17 81
18 29
18 32
18 36
18 41
18 42
18 45
18 47
18 59
18 60
18 66
18 67
18 68
18 69
18 70
18 75
18 82
18 83
18 84
18 87
18 89
18 91
18 95
18 96
18 98
19 23
19 24
19 28
19 32
19 33
19 41
19 42
19 43
19 48
19 75
19 82
19 83
19 97
20 23
20 30
20 36
20 37
20 38
20 42
20 46
20 50
20 60
20 67
20 74
20 85
20 86
20 91
20 92
20 100
21 23
21 41
21 42
21 44
21 48
21 49
21 52
21 53
21 54
21 55
21 56
21 60
21 61
21 63
21 81
21 86
21 89
21 91
21 93
21 97
22 24
22 43
22 58
22 62
22 65
22 84
22 87
22 89
22 91
22 97
23 25
23 28
23 29
23 35
23 40
23 42
23 47
23 52
23 53
23 54
23 66
23 75
23 76
23 82
23 84
23 87
23 94
24 25
24 29
24 35
24 46
24 48
24 51
24 54
24 60
24 66
24 75
24 78
24 95
24 99
25 29
25 34
25 54
25 56
25 62
25 64
25 65
25 73
25 74
25 81
25 91
25 92
25 93
25 100
26 33
26 37
26 46
26 47
26 55
26 62
26 72
26 74
26 76
26 77
26 79
26 82
26 84
26 96
26 100
27 30
27 31
27 32
27 36
27 37
27 41
27 44
27 50
27 55
27 59
27 63
27 65
27 69
27 70
27 73
27 84
27 86
27 87
27 94
28 32
28 36
28 42
28 43
28 47
28 49
28 54
28 60
28 69
28 70
28 71
28 87
28 89
28 92
28 95
28 97
29 43
29 46
29 47
29 54
29 56
29 61
29 65
29 71
29 77
29 79
29 80
29 81
29 87
29 90
29 95
30 43
30 48
30 64
30 66
30 68
30 69
30 74
30 77
30 79
30 83
31 35
31 38
31 40
31 52
31 65
31 71
31 72
31 75
31 89
31 91
31 92
31 96
31 99
31 100
32 38
32 41
32 42
32 50
32 52
32 66
32 69
32 71
32 72
32 80
32 81
32 82
32 87
32 90
33 44
33 53
33 57
33 60
33 65
33 72
33 76
33 87
33 95
34 39
34 41
34 42
34 43
34 50
34 57
34 61
34 63
34 73
34 75
34 77
34 78
34 80
34 96
34 99
34 100
35 41
35 48
35 49
35 51
35 59
35 61
35 68
35 82
35 88
35 95
36 42
36 45
36 51
36 52
36 55
36 60
36 66
36 68
36 76
37 50
37 66
37 75
37 80
37 83
37 84
37 85
37 86
37 91
37 94
38 42
38 48
38 53
38 59
38 62
38 70
38 77
38 88
38 91
38 96
39 41
39 47
39 61
39 74
39 78
39 86
39 99
39 100
40 56
40 58
40 64
40 65
40 67
40 77
40 82
40 84
40 94
40 96
40 100
41 52
41 53
41 62
41 74
41 77
41 78
41 87
41 88
41 89
41 91
42 50
42 51
42 52
42 53
42 54
42 56
42 57
42 58
42 61
42 62
42 63
42 68
42 70
42 75
42 77
42 81
42 92
42 94
43 44
43 52
43 54
43 56
43 64
43 70
43 80
43 87
43 97
43 98
44 47
44 51
44 55
44 56
44 58
44 72
44 75
44 79
44 82
44 83
44 85
44 90
44 96
45 47
45 56
45 66
45 69
45 78
45 81
45 82
45 89
45 90
45 91
46 56
46 59
46 66
46 70
46 72
46 73
46 75
46 78
46 84
46 85
46 89
47 55
47 60
47 62
47 64
47 67
47 72
47 73
47 78
47 85
47 86
47 87
47 90
47 92
47 98
47 99
48 52
48 53
48 58
48 65
48 67
48 71
48 72
48 77
48 79
48 80
48 97
49 55
49 58
49 65
49 71
49 77
49 80
49 95
49 97
50 56
50 58
50 66
50 77
50 81
50 84
50 91
50 98
50 99
51 59
51 62
51 66
51 71
51 78
51 80
51 81
51 83
51 87
51 93
51 96
52 54
52 57
52 58
52 59
52 60
52 65
52 68
52 69
52 97
53 54
53 56
53 58
53 60
53 64
53 69
53 73
53 77
53 78
53 80
53 89
53 95
54 59
54 62
54 68
54 75
54 76
54 78
54 79
54 80
54 88
54 92
54 95
54 96
54 100
55 62
55 67
55 72
55 87
55 89
55 95
55 97
56 57
56 70
56 71
56 89
56 90
57 58
57 61
57 66
57 69
57 78
57 80
57 87
57 90
57 94
58 65
58 68
58 70
58 74
58 82
58 86
58 94
59 65
59 68
59 70
59 74
59 84
59 93
59 95
59 97
59 99
59 100
60 65
60 67
60 80
60 84
60 86
60 89
60 91
61 68
61 70
61 71
61 72
61 73
61 78
61 79
61 88
61 89
61 92
61 93
61 94
61 99
62 64
62 66
62 67
62 68
62 78
62 86
63 64
63 65
63 67
63 68
63 69
63 81
63 93
64 67
64 72
64 78
64 79
64 86
64 90
64 91
64 95
65 70
65 71
65 73
65 77
65 78
66 68
66 69
66 72
66 81
66 99
67 71
67 79
67 87
67 88
67 90
67 94
68 76
68 78
68 83
68 86
68 91
68 94
68 95
68 97
68 99
69 73
69 74
69 85
70 73
70 75
70 77
70 86
70 91
70 92
70 98
71 72
71 74
71 77
71 83
71 86
71 98
71 100
72 76
72 83
72 85
72 86
73 87
73 88
73 91
73 92
74 84
74 88
75 76
75 78
75 79
75 83
75 89
75 90
75 97
75 98
75 99
75 100
76 80
76 93
77 80
77 84
77 93
77 97
77 98
78 80
78 85
78 87
78 93
79 84
79 89
80 82
80 84
80 92
80 96
80 98
80 99
81 83
81 87
82 87
82 92
82 93
83 86
83 94
83 96
83 97
83 99
84 89
84 91
84 92
84 94
84 95
84 96
85 87
85 99
86 90
86 100
87 91
87 94
88 92
88 95
89 93
89 97
90 94
90 96
91 97
92 95
92 96
92 97
94 99
94 100
95 98
95 99
